0 1 1.3676884542363055
0 2 1.437609825626539
0 3 2.041554837655058
0 4 0.7463110003848789
0 5 0.7594740731899636
0 6 1.81487480198812
0 7 1.895656418154534
0 8 0.8116225357898259
0 9 1.3862481849889614
1 2 1.964881810478872
1 3 1.5036975965661972
1 4 0.7032423955764783
1 5 1.124663353762183
1 6 1.8248892255937785
1 7 0.7984800774806455
1 8 1.8287782903678513
1 9 0.8832721818585028
2 3 1.3545918537339061
2 4 1.8094439311435306
2 5 0.9079036092080953
2 6 0.6891468868956993
2 7 1.8893384813224139
2 8 0.7562596770380609
2 9 1.22720173960507
3 4 1.8694756357200606
3 5 1.2934192605766397
3 6 0.7335769859126797
3 7 0.8968689527341611
3 8 1.8383144050304518
3 9 0.7182726695411618
4 5 0.9069325003235194
4 6 1.926809776338839
4 7 1.4104237473396668
4 8 1.4139486714979266
4 9 1.1517677651528861
5 6 1.0884235659525001
5 7 1.3339371334560655
5 8 0.7418639218899812
5 9 0.7033852452073234
6 7 1.4778028715804756
6 8 1.343788544629907
6 9 0.9478446458834483
7 8 2.063405680149897
7 9 0.679889271698144
8 9 1.401866193412898
